Filename                          molpdf     DOPE score    GA341 score
p63.B99990001.pdb            11884.31152   -32610.13281        1.00000
p63.B99990002.pdb            11518.14258   -33082.62109        1.00000
p63.B99990003.pdb            11452.18457   -32540.25000        1.00000
p63.B99990004.pdb            11689.01855   -32766.95508        1.00000
p63.B99990005.pdb            11872.75879   -32618.39453        1.00000
p63.B99990006.pdb            11855.72363   -32707.75977        1.00000
p63.B99990007.pdb            11404.69238   -32945.19922        1.00000
p63.B99990008.pdb            11621.36035   -32677.03125        1.00000
p63.B99990009.pdb            11617.82520   -33008.64453        1.00000
p63.B99990010.pdb            11566.33789   -32655.54102        1.00000
p63.B99990011.pdb            11534.40137   -32828.36328        1.00000
p63.B99990012.pdb            11563.62109   -33060.33984        1.00000
p63.B99990013.pdb            11482.49512   -32774.32422        1.00000
p63.B99990014.pdb            11395.97852   -33080.24609        1.00000
p63.B99990015.pdb            11483.11719   -32907.14844        1.00000
p63.B99990016.pdb            11710.80078   -32733.11914        1.00000
p63.B99990017.pdb            11603.64844   -32951.59766        1.00000
p63.B99990018.pdb            11791.04883   -33118.30859        1.00000
p63.B99990019.pdb            11673.67090   -32616.19141        1.00000
p63.B99990020.pdb            11491.74902   -32619.17773        1.00000
p63.B99990021.pdb            11606.82813   -32945.35938        1.00000
p63.B99990022.pdb            11779.70801   -33017.94922        1.00000
p63.B99990023.pdb            11589.05371   -32673.16016        1.00000
p63.B99990024.pdb            11576.10254   -32756.46875        1.00000
p63.B99990025.pdb            11574.13477   -32529.29102        1.00000
p63.B99990026.pdb            11535.82715   -32854.07813        1.00000
p63.B99990027.pdb            11630.49902   -32621.10156        1.00000
p63.B99990028.pdb            11474.64941   -32822.23438        1.00000
p63.B99990029.pdb            11561.75098   -33065.24219        1.00000
p63.B99990030.pdb            11893.52734   -32495.02344        1.00000
p63.B99990031.pdb            11897.26953   -32612.41211        1.00000
p63.B99990032.pdb            11700.23047   -32666.05664        1.00000
p63.B99990033.pdb            11679.04199   -32855.51563        1.00000
p63.B99990034.pdb            11826.64844   -32471.17188        1.00000
p63.B99990035.pdb            11542.67578   -32668.99609        1.00000
p63.B99990036.pdb            11774.69336   -32488.86914        1.00000
p63.B99990037.pdb            11530.81836   -32990.86328        1.00000
p63.B99990038.pdb            11496.65527   -33461.94922        1.00000
p63.B99990039.pdb            11758.37402   -32881.56250        1.00000
p63.B99990040.pdb            11582.93848   -32495.20898        1.00000
p63.B99990041.pdb            11535.17188   -32667.33789        1.00000
p63.B99990042.pdb            11613.49316   -32577.32031        1.00000
p63.B99990043.pdb            11530.28711   -32910.17578        1.00000
p63.B99990044.pdb            11751.08203   -32766.98828        1.00000
p63.B99990045.pdb            11810.77832   -32863.81250        1.00000
p63.B99990046.pdb            11663.09082   -32772.75781        1.00000
p63.B99990047.pdb            11558.57324   -32989.86328        1.00000
p63.B99990048.pdb            11683.71387   -32839.78906        1.00000
p63.B99990049.pdb            11568.94727   -32987.39453        1.00000
p63.B99990050.pdb            11747.08789   -33008.25000        1.00000
p63.B99990051.pdb            11652.50000   -32851.15234        1.00000
p63.B99990052.pdb            11927.30762   -32691.45117        1.00000
p63.B99990053.pdb            11567.88574   -33261.97656        1.00000
p63.B99990054.pdb            11553.14160   -33122.03906        1.00000
p63.B99990055.pdb            11571.88379   -32959.56250        1.00000
p63.B99990056.pdb            11648.86523   -32805.24609        1.00000
p63.B99990057.pdb            11801.99707   -32495.05469        1.00000
p63.B99990058.pdb            11772.62988   -32738.54688        1.00000
p63.B99990059.pdb            11959.83008   -32234.35938        1.00000
p63.B99990060.pdb            11613.31543   -32778.97266        1.00000
p63.B99990061.pdb            11562.85059   -32554.50000        1.00000
p63.B99990062.pdb            11626.66699   -33080.86719        1.00000
p63.B99990063.pdb            11574.47070   -32943.45703        1.00000
p63.B99990064.pdb            11583.78516   -32583.99609        1.00000
p63.B99990065.pdb            11742.46875   -32621.50391        1.00000
p63.B99990066.pdb            11504.01270   -33327.59766        1.00000
p63.B99990067.pdb            11581.64160   -32533.18750        1.00000
p63.B99990068.pdb            11483.61133   -32830.78906        1.00000
p63.B99990069.pdb            11700.82617   -31797.52539        1.00000
p63.B99990070.pdb            11615.58984   -32709.98828        1.00000
p63.B99990071.pdb            11542.32129   -32920.62500        1.00000
p63.B99990072.pdb            11673.71387   -33274.33203        1.00000
p63.B99990073.pdb            11569.20410   -32827.56250        1.00000
p63.B99990074.pdb            11539.81445   -33053.66406        1.00000
p63.B99990075.pdb            11511.51758   -32905.76953        1.00000
p63.B99990076.pdb            11694.38965   -32776.97266        1.00000
p63.B99990077.pdb            11573.33398   -32594.52148        1.00000
p63.B99990078.pdb            11696.15918   -32846.45313        1.00000
p63.B99990079.pdb            11547.81836   -32743.64063        1.00000
p63.B99990080.pdb            11725.91797   -32953.57813        1.00000
p63.B99990081.pdb            11749.22070   -33129.32422        1.00000
p63.B99990082.pdb            11438.16699   -32954.15234        1.00000
p63.B99990083.pdb            11553.35840   -32890.06641        1.00000
p63.B99990084.pdb            11632.90039   -32319.26758        1.00000
p63.B99990085.pdb            11699.57324   -32789.65625        1.00000
p63.B99990086.pdb            11421.07227   -33161.92969        1.00000
p63.B99990087.pdb            11570.54004   -33091.91406        1.00000
p63.B99990088.pdb            11496.14551   -32849.24219        1.00000
p63.B99990089.pdb            11555.25293   -32794.89063        1.00000
p63.B99990090.pdb            11563.28809   -33065.85156        1.00000
p63.B99990091.pdb            11729.75488   -32969.48438        1.00000
p63.B99990092.pdb            11467.58887   -33126.69141        1.00000
p63.B99990093.pdb            11625.52246   -32725.11719        1.00000
p63.B99990094.pdb            11787.61523   -33003.66797        1.00000
p63.B99990095.pdb            11590.72949   -33054.84375        1.00000
p63.B99990096.pdb            11663.11523   -32522.20703        1.00000
p63.B99990097.pdb            11590.60156   -32707.07227        1.00000
p63.B99990098.pdb            11583.90137   -32954.08984        1.00000
p63.B99990099.pdb            11729.26270   -32778.47656        1.00000
p63.B99990100.pdb            11775.78125   -32776.91406        1.00000